36.5213503011	-52.2772092474	
36.489535917	-52.2889189431	
36.4572480039	-52.2990998166	
36.4245136206	-52.3077653973	
36.3912718848	-52.3149021558	
36.3575160318	-52.3204965627	
36.3233475321	-52.3244945004	
36.288894915	-52.3268689101	
36.2541446511	-52.3275859683	
36.2192117403	-52.3266118515	
36.1842382413	-52.323939795	
36.1492106247	-52.3195359753	
36.1142438904	-52.3133733336	
36.0795003912	-52.305472164	
36.0449868918	-52.295798643	
36.0107913333	-52.2843392412	
35.9770895979	-52.2711345468	
35.9439087444	-52.2561710304	
35.9113164198	-52.2394351626	
35.8795155651	-52.2209945904	
35.8485264744	-52.2008493138	
35.8184167947	-52.1789858034	
35.7893827023	-52.1555190591	
35.761451256	-52.1304355515	
35.7346968675	-52.1037555747	
35.709295419	-52.0756144227	
35.6852739693	-52.0460053308	
35.6627272242	-52.0149756519	
35.6417904777	-51.9826742094	
35.6224907886	-51.9490807092	
35.6049499215	-51.9143439747	
35.5892422881	-51.8785384176	
35.5751852415	-51.841819626	
35.5613243712	-51.8048370111	
35.5473958539	-51.7676717493	
35.5333996896	-51.7303103112	
35.5193291136	-51.6927594615	
35.5051976553	-51.6550192002	
35.4909917853	-51.6170827626	
35.4767182683	-51.5789501487	
35.4623703396	-51.5406281232	
35.4479615286	-51.5021031567	
35.4334715412	-51.4633887786	
35.4189139068	-51.4244714595	
35.4042886254	-51.3853579641	
35.3895889323	-51.3460482924	
35.3748215922	-51.306528915	
35.3599798404	-51.266820126	
35.3450704416	-51.226908396	
35.3300866311	-51.1867869603	
35.3150284089	-51.1464693483	
35.2999025397	-51.1059420306	
35.2846954941	-51.0652117719	
35.2694208015	-51.0242785722	
35.2540716972	-50.9831356668	
35.2386481812	-50.9417898204	
35.2231570182	-50.9002275036	
35.2075846788	-50.8584690105	
35.1919446924	-50.8164872823	
35.1762235296	-50.7743026131	
35.1604347198	-50.7319014735	
35.1445647336	-50.6892906282	
35.1286203357	-50.6464633125	
35.1126015261	-50.6034195264	
35.0965083048	-50.5601660346	
35.0803406718	-50.5166960724	
35.0640986271	-50.4730096398	
35.047775406	-50.4290999721	
35.0313777732	-50.384973834	
35.014898964	-50.3406312255	
34.9983525078	-50.2960653819	
34.9817248752	-50.2512830679	
34.9650160662	-50.2062707541	
34.9482328455	-50.1610419699	
34.9313752131	-50.1155831859	
34.9144364043	-50.0699079315	
34.8974164191	-50.0239959126	
34.8803220222	-49.9778674233	
34.8631532136	-49.9315021695	
34.8458964639	-49.8849136806	
34.8285653025	-49.8380951919	
34.8111529647	-49.7910467034	
34.7936594505	-49.7437682151	
34.7760915246	-49.696259727	
34.7584424223	-49.6485144744	
34.7407121436	-49.6005324573	
34.7229006885	-49.5523204404	
34.7050012923	-49.5038784237	
34.6870274844	-49.4551928778	
34.6689725001	-49.4062705674	
34.6508363394	-49.3571182572	
34.6326190023	-49.3077224178	
34.6143137241	-49.2580898139	
34.5959272695	-49.2082136808	
34.5774528738	-49.1580940185	
34.5589040664	-49.1077375917	
34.5402605532	-49.057130871	
34.5215426283	-49.0062873858	
34.5027367623	-48.9552003714	
34.4838429552	-48.9038630631	
34.4648679717	-48.8522822256	
34.4458050471	-48.8004578589	
34.4266609461	-48.7483764336	
34.4074221393	-48.6960514791	
34.3881021561	-48.6434762307	
34.3686942318	-48.5906506884	
34.3491983664	-48.5375816169	
34.3296213246	-48.4842487221	
34.3099428123	-48.4306722981	
34.2901898883	-48.3768388155	
34.2703422585	-48.3227482743	
34.2504066876	-48.2684006745	
34.2303831756	-48.2138027808	
34.2102649578	-48.1589410638	
34.1900587989	-48.1038290529	
34.1697646989	-48.0484532187	
34.1493826578	-47.9928203259	
34.1289059109	-47.9369303745	
34.1083412229	-47.8807765998	
34.0876750644	-47.8243590018	
34.0669277295	-47.7676775805	
34.0460856888	-47.7107391006	
34.0251489423	-47.6535300327	
34.0041174900	-47.5960639062	
33.9829980966	-47.538320427	
33.9617772327	-47.4803198892	
33.9404684277	-47.4220419987	
33.9190649169	-47.3635070496	
33.8975667003	-47.3046947478	
33.8759670132	-47.2456186227	
33.854279385	-47.1862719096	
33.8324902863	-47.1266478438	
33.8106064818	-47.06675319	
33.7886279715	-47.0065879482	
33.7665479907	-46.9461521184	
33.7443733041	-46.8854389359	
33.7221039117	-46.8244484007	
33.6997330488	-46.7631872775	
33.6772607154	-46.7016420369	
33.6546936762	-46.6398194436	
33.6320251665	-46.5777262623	
33.6092484216	-46.5153557283	
33.5863769709	-46.4527010769	
33.5634040497	-46.3897623081	
33.540329658	-46.3265529513	
33.5171470311	-46.2630527124	
33.4938629337	-46.1992751208	
33.4704773658	-46.1352134118	
33.4469835627	-46.0708743501	
33.4233882891	-46.0062444063	
33.3996780156	-45.9413371098	
33.3758662716	-45.8761321665	
33.3519462924	-45.8106566352	
33.327918078	-45.7448834571	
33.3037816284	-45.6788261616	
33.2795369436	-45.612477984	
33.2551772589	-45.545845689	
33.230709339	-45.4789225119	
33.2061331839	-45.4117152174	
33.1814352642	-45.3442170408	
33.156635874	-45.2764279821	
33.1317147192	-45.2083412766	
33.1066785645	-45.1399704537	
33.0815341746	-45.071301984	
33.0562680201	-45.0023493969	
33.030880101	-44.933099163	
33.0053839467	-44.863558047	
32.9797660278	-44.7937192842	
32.9540263443	-44.7235896393	
32.9281716609	-44.6531623476	
32.9021952129	-44.5824374091	
32.8760902356	-44.5114283532	
32.8498702584	-44.4401148858	
32.8235285166	-44.3685037716	
32.7970514808	-44.2965950106	
32.7704594451	-44.2243886028	
32.7437388801	-44.1518913129	
32.7168897858	-44.0790896115	
32.6899189269	-44.005997028	
32.662812774	-43.932600033	
32.6355780918	-43.8588986265	
32.6082148803	-43.7849063379	
32.5807163748	-43.7106096378	
32.5530893400	-43.6360085262
32.5253270112	-43.5611165325	
32.4974293884	-43.4859201273	
32.4693964716	-43.4104193106	
32.4412282608	-43.3346208471	
32.4129179913	-43.2585179721	
32.3844791925	-43.1821106856	
32.3558915703	-43.1053989876	
32.3271686541	-43.0283964075	
32.2982969145	-42.9510826512	
32.2692898809	-42.8734712481	
32.2401340239	-42.7955486688	
32.2108361082	-42.7173284427	
32.1813961338	-42.6388038051	
32.1518005713	-42.559974756	
32.1220561854	-42.4808412954	
32.0921697408	-42.4014034233	
32.0621277081	-42.3216611397	
32.031936852	-42.2416212093	
32.0015836431	-42.1612701027	
31.9710816108	-42.0806145846	
31.9404239904	-41.999654655	
31.9096107819	-41.9183970786	
31.8786352206	-41.836828326	
31.8475040712	-41.7549551619	
31.816210569	-41.672784351	
31.784754714	-41.5903023639	
31.7531365062	-41.5075159653	
31.7213491809	-41.4244251552	
31.6893995028	-41.3410299336	
31.6572807072	-41.2573303005	
31.6249927941	-41.1733262559	
31.5925357635	-41.0890245645	
31.5599028507	-41.0044116969	
31.5271008204	-40.9194944178	
31.4941161432	-40.8342794919	
31.4609623485	-40.7487533898	
31.4276259069	-40.6629296409	
31.3941135831	-40.5768014805	
31.3604186124	-40.4903689086	
31.3265409948	-40.4036386899	
31.2924807303	-40.3166108244	
31.2582378189	-40.2292853121	
31.2238054959	-40.1416486236	
31.189190526	-40.053721053	
31.1543861445	-39.9654823062	
31.1193855867	-39.8769526773	
31.0841956173	-39.7881118722	
31.0488027069	-39.6989531262	
31.0132203849	-39.6094899687	
30.9774418866	-39.5197359291	
30.941467212	-39.4296842427	
30.9052963611	-39.3393416742	
30.8689293339	-39.2486879295	
30.832352601	-39.1577433027	
30.7955796918	-39.0665077938	
30.7586038416	-38.9749746381	
30.7214250504	-38.8831438356	
30.6840433182	-38.7910153863	
30.6464451156	-38.6985960549	
30.608643972	-38.6058790767	
30.5706331227	-38.5128712164	
30.5324125677	-38.419572474	
30.4939755423	-38.3259760848	
30.4553220465	-38.2320955782	
30.416458845	-38.1379174248	
30.3773724084	-38.0434483893	
30.3380695014	-37.9486952364	
30.298550124	-37.8536444367	
30.2588007468	-37.7583027549	
30.2188348992	-37.6626837204	
30.1786390518	-37.5667670391	
30.1382132046	-37.4705662404	
30.0975641223	-37.374088089	
30.0566850402	-37.2773122908	
30.0155759583	-37.1802523752	
29.9742301119	-37.0829151069	
29.932647501	-36.9852937212	
29.8908348903	-36.8873882181	
29.8487787504	-36.7891985976	
29.806485846	-36.6907316244	
29.7639494124	-36.5919872985	
29.7211694496	-36.4929588552	
29.6781459576	-36.3936530592	
29.6348721717	-36.2940766752	
29.5913548566	-36.1942161738	
29.5475872476	-36.0940850844	
29.5035625800	-35.9936698776
29.4592876185	-35.8929908475	
29.4147555984	-35.7920412294	
29.3699665197	-35.6908142586	
29.3249203824	-35.5893166998	
29.2796104218	-35.4875553177	
29.2340434026	-35.3855233476	
29.1882057954	-35.2832275542	
29.1421043649	-35.1806611728	
29.0957323464	-35.0778377328	
29.0490897399	-34.9747437048	
29.0021697807	-34.8713926182	
28.9549859982	-34.7677777083	
28.9075316277	-34.6639260339	
28.8598066692	-34.5598308303	
28.811804358	-34.4554920975	
28.7635246941	-34.3508963061	
28.7149676775	-34.2460502208	
28.6661265435	-34.1409606063	
28.6170012921	-34.0356139332	
28.5675851586	-33.9300304956	
28.5178646136	-33.8241358818	
28.4678464218	-33.7180045035	
28.4175508773	-33.6116363607	
28.366957686	-33.5050314534	
28.3160803773	-33.3981897816	
28.2649054218	-33.29111811	
28.2134395842	-33.1838164386	
28.1616760998	-33.0762847674	
28.1096217333	-32.9685230964	
28.0572629553	-32.8605381903	
28.0046065305	-32.7523300491	
27.9516456942	-32.6438919081	
27.8983804464	-32.535230532	
27.8448107871	-32.4263594502	
27.7909367163	-32.3172651333	
27.7367514693	-32.2079475813	
27.6822550461	-32.0984203236	
27.6274542114	-31.9886765955	
27.5723354358	-31.8787299264	
27.5168987193	-31.7685667869	
27.4611508266	-31.6581939417	
27.405084993	-31.5476181555	
27.3486944538	-31.4368326636	
27.2919859737	-31.3258509954	
27.234952788	-31.2146663862	
27.1775948967	-31.1032856007	
27.1199122998	-30.9917018742	
27.0618982326	-30.8799287361	
27.0035594598	-30.7679594217	
26.944882452	-30.655793931	
26.8858807386	-30.5434457934	
26.8265340255	-30.4309082442	
26.7668626068	-30.3181880481	
26.7068461884	-30.2052784404	
26.646491535	-30.0921929505	
26.5857918819	-29.9789248137	
26.5247472291	-29.8654807947	
26.4633643413	-29.7518608935	
26.4016296891	-29.6380718748	
26.3395500372	-29.5241069739	
26.2771186209	-29.4099797202	
26.2143354402	-29.295683349	
26.1512004951	-29.1812178603	
26.0877070209	-29.0665967835	
26.0238617823	-28.9518133539	
25.9596580146	-28.8368811009	
25.895136306	-28.7218676715	
25.8302560683	-28.6067121834	
25.7650173015	-28.4914146366	
25.6994200056	-28.3759750311	
25.6334641806	-28.2604001316	
25.5670957089	-28.1446222911	
25.5003416493	-28.0286820978	
25.4332222959	-27.9126269046	
25.3657444134	-27.7964567115	
25.2979012371	-27.6801715185	
25.2296860023	-27.5637780903	
25.161098709	-27.4472831916	
25.0921461219	-27.3306800577	
25.0228147116	-27.213982218	
24.9531044781	-27.0971829078	
24.8830221861	-26.9802888918	
24.8125610709	-26.8633069347	
24.7417143678	-26.7462370365	
24.6704888415	-26.6290859619	
24.5988777273	-26.5118469462	
24.5268742605	-26.3945267541	
24.4544919705	-26.277138915	
24.3817105632	-26.1596698995	
24.3085368033	-26.0421400017	
24.2349774555	-25.9245356922	
24.1610122257	-25.8068705004	
24.0866546433	-25.6891444263	
24.0118911789	-25.5713642346	
23.9367353619	-25.4535231606	
23.8611668982	-25.3356414984	
23.7851993172	-25.2177057186	
23.7088190895	-25.0997293506	
23.6320329798	-24.9817123944	
23.5548274587	-24.86365485	
23.4772160556	-24.7455634821	
23.3991920058	-24.6274382907	
23.3207485446	-24.5092928052	
23.241885672	-24.3911134962	
23.1625966233	-24.2729206578	
23.0828881632	-24.15471429	
23.002753527	-24.0364876281	
22.9221994794	-23.9182542015	
22.841212491	-23.8000072455	
22.7597925618	-23.6817670542	
22.6779396918	-23.5635200982	
22.595653881	-23.4452799069	
22.5129351294	-23.3270464803	
22.4297902017	-23.2088468772	
22.3462935096	-23.0907825681	
22.2623774061	-22.9727520825	
22.1780351265	-22.8547554204	
22.0932125532	-22.7367046407	
22.0079435097	-22.6186606257	
21.9222618195	-22.5006707283	
21.836181012	-22.3827281838	
21.7496875578	-22.2648397569	
21.662801751	-22.1470054476	
21.5755100622	-22.0292320206	
21.4878192561	-21.9115059465	
21.3997293327	-21.7938475194	
21.3112538214	-21.6762364452	
21.2223859575	-21.558693018	
21.133125741	-21.4412104731	
21.0434731719	-21.3237888105	
20.9534417796	-21.2064280302	
20.8630247994	-21.0891348969	
20.772228996	-20.9719026459	
20.6810611341	-20.8547380419	
20.5895076843	-20.7376410849	
20.4975889407	-20.6206117749	
20.4052981386	-20.5036501119	
20.312635278	-20.3867560959	
20.2196071236	-20.2699364916	
20.1262204401	-20.1531845343	
20.0324684628	-20.0365069887	
19.9383647211	-19.9199038548	
19.8439024503	-19.8033683679	
19.7490884151	-19.6869140574	
19.6539226155	-19.5705341586	
19.5584118162	-19.4542354362	
19.4625560172	-19.3380111255	
19.3663552185	-19.2218612265	
19.2698229495	-19.1057925039	
19.1729524455	-18.9898117224	
19.0757437065	-18.8739053526	
18.9782102619	-18.7580801592	
18.8803521117	-18.6423361422	
18.7821692559	-18.5266800663	
18.6836616945	-18.4111051668	
18.5848361922	-18.2956114437	
18.4856995137	-18.1802124264	
18.3862448943	-18.0648945855	
18.2865602751	-17.9497458621	
18.1865983032	-17.834725668	
18.0862778022	-17.7197392974	
17.9856258309	-17.6048273385	
17.8846897422	-17.4900371442	
17.7834560067	-17.3753687145	
17.6819381538	-17.2608220494	
17.5801294188	-17.1464106783	
17.4780298017	-17.0321346012	
17.3756393025	-16.9179870534	
17.2729579212	-16.803988329	
17.1699856578	-16.6901316633	
17.066729277	-16.5764170563	
16.9631820141	-16.4628580374	
16.8593506338	-16.3494478419	
16.7552283714	-16.2361932345	
16.6508152269	-16.1231077446	
16.546117965	-16.0101778428	
16.441129821	-15.8974170585	
16.3358575596	-15.7848253917	
16.2302944161	-15.6724096071	
16.1244471552	-15.5601697047	
16.0183157769	-15.4481124492	
15.9118935165	-15.3362378406	
15.8051939034	-15.2245458789	
15.6982034082	-15.1130500935	
15.5909287956	-15.0017437197	
15.4833700656	-14.8906402869	
15.3755272182	-14.7797330304	
15.2674002534	-14.6690287149	
15.1589891712	-14.5585341051	
15.0503007363	-14.4482424363	
14.9413214193	-14.3381740026	
14.8320647496	-14.2283152746	
14.7225307272	-14.1186797817	
14.6127125874	-14.0092675239	
14.5026170949	-13.9000785012	
14.392237485	-13.7911194783	
14.2815805224	-13.6823972199	
14.1706394424	-13.573911726	
14.0594277744	-13.4656629966	
13.9479387537	-13.3576510317	
13.8361656156	-13.2498961254	
13.7241218895	-13.1423847483	
13.6119022812	-13.0352183709	
13.4993850261	-12.9282819933	
13.3866242418	-12.8216229684	
13.273626693	-12.7152210021	
13.1603923797	-12.6090963885	
13.046941596	-12.5032288335	
12.9332675772	-12.3976183371	
12.8193838527	-12.2922581346	
12.7052904225	-12.1871549907	
12.5910075807	-12.0823021407	
12.4765285626	-11.9776928199	
12.3618668976	-11.8733202636	
12.2470225857	-11.7691912365	
12.132015921	-11.6652989739	
12.0168401388	-11.5616299464	
11.9015020038	-11.4581909187	
11.7860150454	-11.3549818908	
11.6703860283	-11.2519893333	
11.5546149525	-11.1492132462	
11.4387153474	-11.0466536295	
11.322687213	-10.9443037185	
11.2065440787	-10.8421635132	
11.0902859445	-10.7402194842	
10.9739263398	-10.6384783962	
10.8574720293	-10.5369402492	
10.740923013	-10.4355915138	
10.6242860556	-10.33443219	
10.5075679218	-10.2334555131	
10.390782141	-10.1326682478	
10.2739354779	-10.0320568647	
10.1570211678	-9.9316213638	
10.0400595048	-9.8313617451	
9.9230572536	-9.7312644792	
9.8060076495	-9.6313430955	
9.6889309866	-9.5315772999	
9.5718272649	-9.4319670924	
9.4547032491	-9.3325192377	
9.3375657039	-9.2332134417	
9.2204213940	-9.1340632338
9.1032838488	-9.0350618493
8.9861733624	-8.9362228176
8.8690831701	-8.8375326093
8.7520065072	-8.7389844597
8.6349433737	-8.6405783688
8.5179072990	-8.5423143366
8.4008915184	-8.4441991278
8.2839027966	-8.3462327424
8.1669411336	-8.2484151804
8.0500200588	-8.1507464418
7.9331260428	-8.0532265266
7.8162793797	-7.9558486701
7.6994665401	-7.8586264017
7.5827010534	-7.7615529567
7.4659829196	-7.6646283351
7.3493121387	-7.5678593016
7.2326954754	-7.4712390915
7.1161329297	-7.3747744695
6.9996312663	-7.2784586709
6.8831837205	-7.1822984604
6.7668038217	-7.0862870733
6.6504920434	-6.9904312743
6.5342473033	-6.8947310634
6.4180742014	-6.7991864406
6.3019755788	-6.7037990971
6.1859546150	-6.6085655152
6.0700127982	-6.5134886714
5.9541536460	-6.4185680922
5.8383796614	-6.3238047246
5.7226938884	-6.2291991774
5.6070982890	-6.1347518566
5.4915955012	-6.0404627621	
5.3761889074	-5.9463324352	
5.2608806047	-5.8523614169	
5.1456736373	-5.7585501131	
5.0305699668	-5.6648991328	
4.9155727050	-5.5714084082
4.8006837461	-5.4780784806
4.6859062018	-5.3849102969
4.5712430485	-5.2919033836
4.4566957746	-5.1990588232
4.3422674918	-5.1063765479
4.2279611765	-5.0138570313
4.1137783846	-4.9215013557
3.9997250690	-4.8293119565
3.8857967652	-4.7372939747
3.7719881288	-4.6454553928
3.6582949659	-4.5538052755
3.5447124059	-4.462352755
3.4312361869	-4.3711068961
3.3178620473	-4.280076290
3.2045856575	-4.1892691219
3.0914025530	-4.0986945918
2.9783086072	-4.0083612909
2.8652993555	-3.9182774046
2.7523710096	-3.8284517944	
2.6395361518	-3.7388732312	
2.5268350998	-3.6494926706	
2.4143122300	-3.5602580924	
2.3020113777	-3.4711179493	
2.1899756339	-3.382020965	
2.0782476164	-3.2929170807	
1.9668694691	-3.2037563053	
1.8558825244	-3.1144904741	
1.7453273029	-3.0250713548	
1.6352470986	-2.9354501739	
1.5258572996	-2.8453801552	
1.4176371173	-2.7542668844	
1.3111389569	-2.6615256209	
1.2069447181	-2.5665941505	
1.1056172239	-2.4688843502	
1.0079085059	-2.3679922997	
0.9144637136	-2.2634292494	
0.8258435054	-2.1550266231	
0.7421528694	-2.0431895586	
0.6632450318	-1.9281990615	
0.5890024899	-1.8103607611	
0.5194160775	-1.690164895	
0.4542706229	-1.5677524397	
0.3934439626	-1.4433907361	
0.3368615359	-1.3174377044	
0.2843359742	-1.1899820299	
0.2357689459	-1.0612754948	
0.1910441724	-0.9315000018	
0.1500873098	-0.8007782625	
0.1130941420	-0.6691004208	
0.0804329798	-0.5366413916	
0.0524190988	-0.4033407254	
0.0294234543	-0.2693217835	
0.0118376527	-0.1348877933	
0.0000000000	0.00000000000
-0.0058597868	0.1353901467	
-0.0060466818	0.270673472	
-0.0010554183	0.4058566121	
0.0086302778	0.5409280535	
0.0224887689	0.6754813729	
0.0400201796	0.8094991108	
0.0607517568	0.9430460594	
0.0842260891	1.0761689966	
0.1099716105	1.2087765312	
0.1375610404	1.3409667516	
0.1665770507	1.4728265163	
0.1966142061	1.6044365284	
0.2275032875	1.7358073406	
0.2594025618	1.866896809	
0.2924957921	1.9976592717	
0.3269815630	2.1280941201	
0.3630605155	2.2581865393	
0.4008629173	2.3876672944	
0.4405747707	2.5164732029	
0.4823841479	2.6445410151	
0.5264816307	2.7718066691	
0.5730605408	2.8982048857	
0.6223171356	3.023669506	
0.6743899359	3.147992245	
0.7293299746	3.2708032088
0.7873980918	3.392314809	
0.8483132682	3.5122866958
0.9117794807	3.630804781	
0.9775350029	3.7480134232
1.0453235881	3.8640538017
1.1148940629	3.9790647282
1.1859514187	4.093106679	
1.2582040971	4.2062466924
1.3314529452	4.3186894681
1.4054687073	4.4305845738
1.4800242924	4.5420790062
1.5549372567	4.6533078566
1.6301735060	4.7642605042	
1.7057628050	4.8749127315	
1.7817359330	4.9852434326	
1.8581234666	5.0952303517
1.9349555763	5.2048519093
2.0122630414	5.3140853761
2.0900759649	5.4229095785
2.1684244497	5.5313023284
2.2473389370	5.6392420463	
2.3268492590	5.7467074234	
2.4069617746	5.8536456275	
2.4878900454	5.9602657554	
2.5694949892	6.0662569691	
2.6518284235	6.1715495246	
2.7349527188	6.276089169	
2.8189295017	6.3798208376	
2.9038206014	6.4826906835	
2.9896863591	6.5846447242	
3.0765884688	6.6856291129	
3.1645872041	6.7855893936	
3.2537425001	6.8844757782	
3.3441146303	6.9822324579	
3.4357631918	7.0788053151	
3.5287471727	7.1741469969	
3.6231256965	7.2682033857	
3.7189575485	7.3609203639	
3.8159427818	7.4519123436	
3.9142188552	7.5412402071	
4.0139383802	7.6289918955	
4.1149509100	7.7150659383
4.2172351358	7.7994826296
4.3207709663	7.8822690282
4.4255409488	7.9634454282
4.5315285772	8.0430388884
4.6387213369	8.1210561735
4.7469649251	8.1974228718
4.8562064419	8.2721322186
4.9664322902	8.3452112727
5.0776303611	8.4166667988
5.1897886136	8.4865258557
5.3028969005	8.5548019728
5.4169471720	8.6215019148
5.5319197426	8.6866324464
5.6476751243	8.7501394500
5.7641667759	8.8120161609
5.8813877975	8.8722693438
5.9993320332	8.9309192928
6.1179929888	8.9879660079
6.2373666056	9.0434297832
6.3574484188	9.0973106187
6.4782357903	9.1496220438
6.5996556612	9.2003302350
6.7216007434	9.2494081335
6.8440634604	9.2968489746
6.9670524711	9.3426730524
7.0905488343	9.3868803669
7.2145660794	9.4294641534
7.3390974417	9.4704379413
7.4641429212	9.5097949659
7.5896889885	9.5475284625
7.7156071143	9.5835978429
7.8418634751	9.6179963424
7.9684513062	9.650723961	
8.0953706076	9.681773934	
8.2226281440	9.7111394967
8.3502171507	9.7388274138
8.4781511571	9.7648173912
8.6064166338	9.7891026642	
8.7349662279	9.8116697034	
8.8636578807	9.8324779206	
8.9924983569	9.8515205511	
9.1214876565	9.8687908302	
9.2506257795	9.8842819932	
9.3799127259	9.8979805107	
9.5093484957	9.9098660886	
9.6389330889	9.9199251975	
9.7686665055	9.9281375433	
9.8983863927	9.9344760672	
10.0280318682	9.9389340045	
10.1576096967	9.9414775317	
10.2871131135	9.9420998841	
10.4165488833	9.9407807676	
10.5459102414	9.9374998881	
10.6751971878	9.9322369515	
10.8044097225	9.9249513696	
10.9334531397	9.9156431424	
11.0621515572	9.9042852111	
11.1904982103	9.8908640463	
11.3184998637	9.8753593539	
11.446142988	9.8577373104	
11.5734275832	9.8379843864	
11.7003468846	9.8160667584	
11.8269008922	9.7919438382	
11.9529949002	9.7656156258	
12.078439497	9.7371159447	
12.2032008591	9.7064786184	
12.3272925159	9.6737307057	
12.4507212321	9.6389060301	
12.5734937724	9.6020248857	
12.6956169015	9.5631075666	
12.8170906194	9.522194661	
12.937894632	9.479306463	
13.0578259983	9.4345579725
13.176891483	9.3879897777
13.2951046155	9.3396221727
13.4124721605	9.2895025104
13.5290144121	9.2376578496
13.644738135	9.1841152491
13.7596636233	9.1289085324
13.873790877	9.072071523	
13.9869913668	9.0137056914
14.0992380339	8.9538583905
14.2105714665	8.8925702085
14.3209916646	8.8298749689
14.4305189223	8.7657929658
14.5391802984	8.7003580227
14.6469825576	8.6336039631
14.7539392293	8.5655510811
14.860016490	8.4962737884	
14.9651534574	8.425839732	
15.0693704256	8.3542759707
15.1727012181	8.281616328	
15.2751525996	8.207881098	
15.3767516289	8.1330905748
15.4775050707	8.0572853466
15.5774332191	7.9804721781
15.6765969564	7.9026443046
15.7750301061	7.8238152555
15.8725635507	7.7441473836
15.9692311137	7.663660983	
16.0650395598	7.5823695831
16.1600159478	7.5003070074	
16.2541738071	7.4174867853	
16.3475334318	7.3339292109	
16.440115116	7.2496478136	
16.5319256244	7.1646696522	
16.6229852511	7.0790082561	
16.7133075255	6.9926771547	
16.8029127417	6.9056966421	
16.8918144291	6.8180802477	
16.9800193524	6.7298483332	
17.067541041	6.6410121281	
17.1544065537	6.5515867853	
17.2406091258	6.4615863077	
17.3261149338	6.3710985011	
17.4108969189	6.2801590155	
17.495002434	6.1887604773	
17.5784382438	6.0969153336	
17.6612178777	6.0046352198	
17.7433616298	5.9119323121	
17.8248762648	5.8188175696	
17.9057820768	5.7253026274	
17.9860790658	5.6313981061	
18.0657875259	5.5371145586	
18.1449209865	5.4424621321	
18.2234862123	5.3474507706	
18.3014967327	5.2520906888	
18.3789593124	5.1563908838	
18.4558942455	5.0603609614	
18.5322947673	4.9640099864	
18.6081879366	4.8673475646	
18.6835737534	4.7703812048	
18.7584589824	4.6731320805	
18.8329383294	4.5754862743	
18.9068900298	4.4776091829	
18.9803208483	4.3795032417	
19.0532307849	4.2811725096	
19.1256266043	4.1826184747	
19.1975083065	4.0838449929	
19.2688894209	3.9848544996	
19.3397631828	3.8856501065	
19.4101363569	3.7862349929	
19.4800157079	3.6866120001	
19.5494080005	3.5867841046	
19.6183064700	3.486754621	
19.6867246458	3.3865262552
19.7546692926	3.2861029308
19.8221336457	3.1854870153
19.8891379992	3.0846818235
19.9556688237	2.9836912114
20.0217464133	2.882517614	
20.0873640033	2.7811648198
20.1525283584	2.6796359405
20.2172462433	2.5779343583
20.2815311874	2.4760632528
20.3453696613	2.3740262768
20.4087751944	2.2718267451
20.4717613161	2.1694677694
20.534314497	2.0669531379
20.5964550312	1.9642861655
20.6581829187	1.8614703696
20.7194981595	1.758509065	
20.780414283	1.6554059723
20.8409245245	1.5521645415
20.9010491781	1.4487883578
20.9607814791	1.3452808037
21.0201281922	1.241645735	
21.079075788	1.1379260399
21.137590443	1.0341886213
21.1957195101	0.9303720557
21.2534629893	0.8264795901
21.3108276453	0.7225144041
21.3678270075	0.6184796701
21.4244610759	0.5143786015
21.4807298505	0.4102143709
21.5366468607	0.3059901375
21.5922188712	0.201709094	
21.647445882	0.0973744268
21.7023346578	-0.0070107152	
21.756898728	-0.1114431493	
21.8111380926	-0.2159196993	
21.8650527516	-0.3204372231	
21.9186562344	-0.4249925616	
21.971948541	-0.5295825489	
22.0249432008	-0.6342040665	
22.0776402138	-0.7388539958	
22.1300463447	-0.8435291371	
22.1821683582	-0.9482264666	
22.234013019	-1.052942805	
22.2855803271	-1.1576749727	
22.3368838119	-1.2624199934	
22.3879234734	-1.3671746876	
22.4387060763	-1.4719360789	
22.4892383853	-1.5767011231	
22.5395271651	-1.6814665731	
22.5895724157	-1.7862295879	
22.6393876665	-1.8909869204	
22.6889729175	-1.9957357293	
22.7383281687	-2.1004727676	
22.7874737142	-2.2051954648	
22.8364027893	-2.3099003708	
22.8851289234	-2.4145846445	
22.9336521165	-2.5192455123	
22.9819656039	-2.623853886	
23.0301032091	-2.7284552921	
23.0780581674	-2.8330576453	
23.1258304788	-2.9376161632	
23.1734066139	-3.0421308458	
23.2207865727	-3.1466008815	
23.2679771199	-3.2510255936	
23.3149850202	-3.3554047117	
23.3617967442	-3.4597376945	
23.4084190566	-3.5640237979	
23.4548587221	-3.6682627514	
23.501108976	-3.7724540814	
23.547176583	-3.8765973143	
23.5930547784	-3.9806916385	
23.6387503269	-4.084736851	
23.6842632285	-4.1887323429	
23.7295867185	-4.2926780466	
23.7747343263	-4.3965724739	
23.8196992872	-4.5004160984	
23.8644816012	-4.6042082434	
23.9090812683	-4.7079480297	
23.9535050532	-4.8116353218	
23.9977529559	-4.9152697817	
24.0418182117	-5.0188502593	
24.0857075853	-5.1223772958	
24.1294210767	-5.225849944	
24.1729586859	-5.3292676629	
24.2163136482	-5.4326299113	
24.259499493	-5.5359362156	
24.3025162203	-5.6391865758	
24.3453503007	-5.7423805184	
24.3880152636	-5.8455169611	
24.430511109	-5.9485959714	
24.4728378369	-6.0516174818	
24.5149886826	-6.1545800717	
24.5569704108	-6.2574841469	
24.5987830215	-6.3603288281	
24.6404265147	-6.4631134387	
24.6819008904	-6.5658386553	
24.7232061486	-6.6685028542	
24.764349054	-6.7711061709	
24.8053228419	-6.8736454935	
24.8461275123	-6.9761306985	
24.8867765946	-7.0785482565	
24.9272565594	-7.1809049322	
24.9675674067	-7.2831939609	
25.0077226659	-7.385428872	
25.0477088076	-7.4875893714	
25.0875393612	-7.5896957532	
25.127207562	-7.6917277233	
25.1667066453	-7.7937055758	
25.2060569052	-7.8956090166	
25.2452380476	-7.9974515751	
25.2842636019	-8.0992264866	
25.3231335681	-8.2009337511	
25.3618411815	-8.3025801333	
25.4003932068	-8.4041521038	
25.438789644	-8.5056564273	
25.4770237284	-8.6070998685	
25.5151089894	-8.708468898	
25.5530318976	-8.8097702805	
25.5908059824	-8.911004016	
25.6284244791	-9.0121701045	
25.6658873877	-9.1132617813	
25.7032014729	-9.2142858111	
25.740359970	-9.3152421939	
25.7773696437	-9.416124165	
25.8142237293	-9.5169384891	
25.8509289915	-9.6176784015	
25.8874854303	-9.7183439022	
25.923886281	-9.8189417559	
25.960145073	-9.9194651979	
25.9962482769	-10.0199209929	
26.0322026574	-10.1202956115	
26.0680149792	-10.2206025831	
26.1036784776	-10.320835143	
26.1391931526	-10.4209932912	
26.1745387101	-10.521002616	
26.2097219148	-10.6209037056	
26.2447630608	-10.7207303835	
26.2796553834	-10.8204691203	
26.3144056473	-10.9201334454	
26.3490138525	-11.0197301235	
26.3834867637	-11.1192794487	
26.4178176162	-11.2187340681	
26.4519996453	-11.3181075111	
26.4860396157	-11.4173997777	
26.5199442921	-11.5165973385	
26.5537069098	-11.6157137229	
26.5873274688	-11.7147421662	
26.6208127338	-11.8136759037	
26.6541627048	-11.9125284648	
26.6873773818	-12.0112863201	
26.7204567648	-12.1099562343	
26.7534008538	-12.2085382074	
26.7862164135	-12.3070254747	
26.8189034439	-12.4054248009	
26.8514551803	-12.503736186	
26.8838851521	-12.6019528653	
26.9161798299	-12.7000748388	
26.9483527431	-12.7981088712	
26.9804038917	-12.8960414331	
27.012326511	-12.9938860539	
27.0441273657	-13.0916359689	
27.0758064558	-13.1892911781	
27.107370546	-13.2868516815	
27.1388061069	-13.3843174791	
27.1701334326	-13.4816885709	
27.2013389937	-13.5789649569	
27.2324227902	-13.6761398724	
27.2633983515	-13.7732200821	
27.2942521482	-13.8701988213	
27.3250044744	-13.9670828547	
27.355635036	-14.0638721823	
27.3861573624	-14.1605600394	
27.4165714536	-14.257146426	
27.4468773096	-14.3536381068	
27.4770749304	-14.4500283171	
27.507164316	-14.5463170569	
27.5371454664	-14.6425043262	
27.5670251463	-14.738590125	
27.5968033557	-14.8345744533	
27.6264733299	-14.9304573111	
27.6560485983	-15.0262386984	
27.6855156315	-15.1219186152	
27.7148879589	-15.2174970615	
27.7441588158	-15.3129672726	
27.7733349669	-15.4083360132	
27.8024096475	-15.5036032833	
27.831396387	-15.5987623182	
27.860281656	-15.6938198826	
27.8890722192	-15.7887692118	
27.9177748413	-15.8836170705	
27.9463827576	-15.978356694	
27.9748959681	-16.0729880823	
28.0033212375	-16.1675112354	
28.0316585658	-16.261932918	
28.059907953	-16.3562463654	
28.0880693991	-16.4504515776	
28.1161496688	-16.5445485546	
28.1441352327	-16.6385372964	
28.1720396202	-16.732417803	
28.1998628313	-16.8261900744	
28.2275981013	-16.9198473459	
28.2552589596	-17.0134031469	
28.2828318768	-17.106843948	
28.3103236176	-17.2001765139	
28.3377409467	-17.2933940799	
28.3650770994	-17.3865034107	
28.3923388404	-17.4795045063	
28.419519405	-17.5723973667	
28.4466255579	-17.6651684625	
28.4736572991	-17.7578380878	
28.5006146286	-17.8503859485	
28.5274975464	-17.942825574	
28.5543060525	-18.0351501996	
28.5810469116	-18.12736659	
28.607713359	-18.2194679805	
28.6343121594	-18.3114476064	
28.6608365481	-18.4033189971	
28.6873000545	-18.4950821526	
28.7136823845	-18.5867100141	
28.7400038322	-18.678216111	
28.7662576329	-18.769607208	
28.7924437866	-18.8608833051	
28.8185622933	-18.9520444023	
28.8446199177	-19.0430904996	
28.8706098951	-19.134021597	
28.8965389902	-19.2248376945	
28.9223936736	-19.3155320274	
28.9481874747	-19.4061113604	
28.9739203935	-19.4965756935	
28.9995789006	-19.586918262	
29.0251832901	-19.6771458306	
29.0507132679	-19.7672516346	
29.0761823634	-19.8572492034	
29.1015905766	-19.9471250076	
29.1269379075	-20.0368858119	
29.1522108267	-20.1265248516	
29.1774228636	-20.2160488914	
29.2025807829	-20.3054511666	
29.2276642905	-20.3947384419	
29.2526869158	-20.4839107173	
29.2776486588	-20.5729679928	
29.3025495195	-20.661896739	
29.3273827332	-20.75071725	
29.3521550646	-20.8394159964	
29.3768665137	-20.9279997429	
29.4015170805	-21.0164617248	
29.4261000003	-21.1048087068	
29.4506288025	-21.1930339242	
29.4750899577	-21.2811441417	
29.4994902306	-21.3691325946	
29.5238296212	-21.4570060476	
29.5481081295	-21.5447645007	
29.5723189908	-21.6324011892	
29.5964757345	-21.7199161131	
29.6205715959	-21.8073160371	
29.644606575	-21.8946009612	
29.6685806718	-21.981757356	
29.6924938863	-22.0688055156	
29.7163462185	-22.1557319106	
29.7401376684	-22.242536541	
29.763868236	-22.3292261715	
29.787544686	-22.4157940374	
29.811153489	-22.5022469034	
29.8347081744	-22.5885780048	
29.8582019775	-22.6747941063	
29.8816348983	-22.7608884432	
29.9050137015	-22.8468610155	
29.9283248577	-22.9327185879	
29.951588661	-23.0184611604	
29.9747848173	-23.1040752036	
29.997926856	-23.1895810116	
30.0210080124	-23.2749582903	
30.0440350512	-23.3602205691	
30.0670012077	-23.445367848	
30.0899064819	-23.5303865976	
30.1127576385	-23.615297112	
30.1355546775	-23.7000790971	
30.1582908342	-23.7847460823	
30.1809661086	-23.8692980676	
30.2035872654	-23.9537282883	
30.2261543046	-24.0380367444	
30.2486604615	-24.1222234359	
30.2711125008	-24.2062951275	
30.2935036578	-24.2902450545	
30.3158406972	-24.3740799816	
30.338123619	-24.4577931441	
30.3603456585	-24.5413913067	
30.3825203451	-24.62486094	
30.4046341494	-24.7082223381	
30.4266870714	-24.7914552069	
30.4486926405	-24.8745730758	
30.4706373273	-24.9575691801	
30.4925278965	-25.0404502845	
30.5143643481	-25.1232096243	
30.5361466821	-25.2058471995	
30.5578748985	-25.2883697748	
30.5795489973	-25.3707705855	
30.6011622138	-25.4530496316	
30.6227280774	-25.5352069131	
30.6442398234	-25.6172559594	
30.6656906871	-25.6991764764	
30.6870941979	-25.7809819935	
30.7084368264	-25.862665746	
30.729732102	-25.9442277339	
30.7509664953	-26.0256747219	
30.7721535357	-26.1069999453	
30.7932864585	-26.1882101688	
30.8143652637	-26.2692986277	
30.835396716	-26.350265322	
30.856367286	-26.4311170164	
30.8772837384	-26.5118401815	
30.8981528379	-26.5924551114	
30.9189678198	-26.6729482767	
30.9397354488	-26.7533129127	
30.9604421955	-26.8335557841	
30.9811015893	-26.9136836556	
31.0017068655	-26.9936897625	
31.0222580241	-27.0735808695	
31.0427618298	-27.1533434472	
31.0632047532	-27.232991025	
31.0836070884	-27.3125168382	
31.1039485413	-27.3919276515	
31.124249406	-27.4712167002	
31.1444893884	-27.5503839843	
31.1646820179	-27.6294362685	
31.1848272945	-27.7083667881	
31.2049184535	-27.7871823078	
31.2249622596	-27.8658760629	
31.2449587128	-27.9444480534	
31.2649010484	-28.0228982793	
31.2847892664	-28.1012335053	
31.3046368962	-28.1794469667	
31.3244304084	-28.2575454282	
31.3441765677	-28.3355221251	
31.3638753741	-28.4133770574	
31.3835268276	-28.4911102251	
31.4031309282	-28.5687283929	
31.4226809112	-28.6462180314	
31.442190306	-28.7235994347	
31.4616523479	-28.8008523087	
31.4810602722	-28.8779901828	
31.5004276083	-28.9550062923	
31.5197475915	-29.0319074019	
31.5390202218	-29.1086799822	
31.5582522639	-29.1853375626	
31.5774369531	-29.2618733784	
31.5965742894	-29.3382941943	
31.6156642728	-29.4145932456	
31.634713668	-29.4907705323	
31.6537157103	-29.5668328191	
31.6726771644	-29.6427733413	
31.6915912656	-29.7185920989	
31.7104580139	-29.7942890919	
31.7292909387	-29.869871085	
31.7480697459	-29.9453313135	
31.7668147296	-30.0206697774	
31.7855123604	-30.0958932414	
31.804169403	-30.1709949408	
31.8227790927	-30.2459748756	
31.8413481942	-30.3208330458	
31.8598767075	-30.3955762161	
31.8783646326	-30.4701976218	
31.8968119695	-30.5447040276	
31.9152187182	-30.6190886688	
31.933578114	-30.6933515454	
31.9519036863	-30.7674994221	
31.9701819057	-30.8415255342	
31.9884195369	-30.9154298817	
32.0066233446	-30.9892124646	
32.0247797994	-31.0628800476	
32.0429024307	-31.136425866	
32.0609844738	-31.2098566845	
32.0790259287	-31.2831657384	
32.0970335601	-31.3563530277	
32.1149938386	-31.4294253171	
32.1329202936	-31.5023758419	
32.1508061604	-31.5752113668	
32.168651439	-31.6479251271	
32.1864628941	-31.7205171228	
32.204233761	-31.7929941186	
32.2219708044	-31.8653493498	
32.2396672596	-31.9375828164	
32.2573231266	-32.0097012831	
32.2749451701	-32.0816979852	
32.2925333901	-32.1535796874	
32.3100810219	-32.225339625	
32.3275948302	-32.2969845627	
32.3450680503	-32.3685077358	
32.3625074469	-32.4399091443	
32.3799130200	-32.5111955529
32.3972780049	-32.5823601969	
32.4146091663	-32.653409841	
32.4319065042	-32.7243444852	
32.4491632539	-32.7951506001	
32.4663929448	-32.8658484798	
32.4835820475	-32.9364245949	
32.5007373267	-33.0068789454	
32.5178587824	-33.077218296	
32.5349464146	-33.147435882	
32.5520002233	-33.2175384681	
32.5690134438	-33.2875192896	
32.5859996055	-33.3573851112	
32.6029519437	-33.4271359329	
32.6198704584	-33.49676499	
32.6367483849	-33.5662722825	
32.6535992526	-33.6356645751	
32.6704162968	-33.7049418678	
32.6872062822	-33.7740973959	
32.7039556794	-33.8431379241	
32.7206780178	-33.9120634524	
32.737359768	-33.9808672161	
32.7540144594	-34.0495559799	
32.7706353273	-34.1181229791	
32.7872291364	-34.1865749784	
32.803789122	-34.2549119778	
32.8203152841	-34.3231272126	
32.8368076227	-34.3912274475	
32.8532729025	-34.4592126825	
32.8697043588	-34.5270761529	
32.8861087563	-34.5948246234	
32.9024793303	-34.662458094	
32.9188160808	-34.7299765647	
32.9351257725	-34.7973732708	
32.9514084054	-34.864654977	
32.9676572148	-34.9318149186	
32.9838789654	-34.998866625	
33.0000668925	-35.0657965668	
33.0162209961	-35.1326115087	
33.0323548056	-35.1993114507	
33.0484480269	-35.2658896281	
33.0645209541	-35.3323528056	
33.0805600578	-35.3987077479	
33.0965721027	-35.4649409256	
33.1125570888	-35.5310523387	
33.1285082514	-35.5970555166	
33.1444323552	-35.6629436946	
33.1603294002	-35.728710108	
33.1761926217	-35.7943615215	
33.1920355491	-35.8598979351	
33.207844653	-35.9253261135	
33.2236266981	-35.9906325273	
33.2393816844	-36.0558239412	
33.2551096119	-36.1208935905	
33.2708037159	-36.1858550046	
33.2864775258	-36.2507014188	
33.3021175122	-36.3154328331	
33.3177304398	-36.3800492475	
33.3333163086	-36.444550662	
33.3488751186	-36.5089370766	
33.3644068698	-36.5732084913	
33.3799047975	-36.6373649061	
33.3953824311	-36.7014130857	
33.4108262412	-36.7653395007	
33.4262497572	-36.8291509158	
33.4416394497	-36.8928540957	
33.4570020834	-36.956435511	
33.4723376583	-37.0199086911	
33.4876461744	-37.083273636	
33.5029276317	-37.1465168163	
33.5181820302	-37.2096517614	
33.5334093699	-37.2726649419	
33.5486028861	-37.3355698872	
33.5637761082	-37.3983665973	
33.5789155068	-37.4610415428	
33.5940346113	-37.5236082531	
33.6091198923	-37.5860667282	
33.6241848792	-37.6484034387	
33.6392160426	-37.710631914	
33.6542201472	-37.7727453894	
33.6692039577	-37.8347506296	
33.6841539447	-37.8966408699	
33.6990836376	-37.9584161103	
33.713979507	-38.0200831155	
33.7288483176	-38.0816418855	
33.7436968341	-38.1430856556	
33.7585115271	-38.2044144258	
33.7732991613	-38.2656349608	
33.7880665014	-38.3267404959	
33.802800018	-38.3877377958	
33.8175132405	-38.4486268605	
33.8321926395	-38.5094009253	
33.8468449797	-38.5700599902	
33.8614770258	-38.6306108199	
33.8760752484	-38.6910601791	
33.8906531769	-38.7513877737	
33.9052040466	-38.8116071331	
33.9197278575	-38.8717182573	
33.9342178449	-38.9317143816	
33.9486875382	-38.9916022707	
33.9631301727	-39.0513819246	
33.9775457484	-39.1110533433	
33.9919342653	-39.1706165268	
34.0062957234	-39.2300647104	
34.0206368874	-39.2894046588	
34.0349442279	-39.348636372	
34.0492245096	-39.4077530853	
34.0634844972	-39.4667683281	
34.077717426	-39.5256753357	
34.091923296	-39.5844673434	
34.1061021072	-39.6431511159	
34.1202538596	-39.7017266532	
34.1343785532	-39.7601939553	
34.1484829527	-39.8185530222	
34.1625602934	-39.8768038539	
34.1766038106	-39.9349464504	
34.1906270337	-39.9929808117	
34.204623198	-40.0509069378	
34.2185923035	-40.1087248287	
34.2325411149	-40.1664344844	
34.2464561028	-40.2240359049	
34.2603440319	-40.2815358549	
34.2742184316	-40.338920805	
34.2880522431	-40.3962042846	
34.3018725252	-40.4533727643	
34.3156657485	-40.5104397735	
34.3294251483	-40.5673985475	
34.343164254	-40.6242490863	
34.3568763009	-40.6809981546	
34.370561289	-40.7376389877	
34.384225983	-40.7941648209	
34.3978636182	-40.8505959483	
34.4114741946	-40.9069188405	
34.4250644769	-40.9631267328	
34.4386209357	-41.0192399193	
34.4521503357	-41.0752381059	
34.4656662063	-41.131134822	
34.4791482534	-41.1869300676	
34.4926100064	-41.2426103133	
34.5060447006	-41.2981958532	
34.5194455713	-41.3536663932	
34.5328329126	-41.4090422274	
34.5461864304	-41.4643030617	
34.5595264188	-41.5194691902	
34.5728325837	-41.5745203188	
34.5861116898	-41.6294699769	
34.5993705018	-41.6843181645	
34.612602255	-41.7390581169	
34.6258137141	-41.7936965988	
34.6389981144	-41.8482336102	
34.6521554559	-41.9026623864	
34.6652857386	-41.9569896921	
34.6783957272	-42.0112087626	
34.691478657	-42.0653263626	
34.7045412927	-42.1193492568	
34.7175768696	-42.1732571511	
34.7305853877	-42.2270635749	
34.7435736117	-42.2807752929	
34.7565347769	-42.3343787757	
34.7694688833	-42.387880788	
34.7823826956	-42.4412745651	
34.7952694491	-42.4945736364	
34.8081359085	-42.5477644725	
34.8209685444	-42.6008538381	
34.8337876509	-42.6538417332	
34.8465729339	-42.7067281578	
34.8593379228	-42.7595131119	
34.8720826176	-42.8121965955	
34.8848002536	-42.8647786086	
34.8974908308	-42.9172591512	
34.9101543492	-42.9696382233	
34.9228043382	-43.0219158249	
34.9354205037	-43.074091956	
34.9480163751	-43.1261666166	
34.9605919524	-43.1781465714	
34.9731404709	-43.230018291	
34.9856619306	-43.2817885401	
34.9981630962	-43.3334640834	
35.010637203	-43.3850381562	
35.0230910157	-43.4365107585	
35.0355245343	-43.4878818903	
35.0479242294	-43.5391583163	
35.0603036304	-43.5903265071	
35.0726627373	-43.6413999921	
35.0849947854	-43.6923787713	
35.0973065394	-43.7432493153	
35.1095912346	-43.7940251535	
35.1218556357	-43.8447062859	
35.134092978	-43.8952791831	
35.1463100262	-43.9457573745	
35.1585000156	-43.9961408601	
35.1706697109	-44.0464228752	
35.1828123474	-44.0966034198	
35.1949346898	-44.1466824939	
35.2070367381	-44.1966736269	
35.2191117276	-44.2465632894	
35.2311596583	-44.2963514814	
35.2431872949	-44.3460449676	
35.2551946374	-44.395643748	
35.2671749211	-44.4451410579	
35.2791349107	-44.494543662	
35.2910678415	-44.5438380309	
35.3029804782	-44.5930512234	
35.3148728208	-44.6421561807	
35.3267381046	-44.6911664322	
35.3385830943	-44.7400887426	
35.3504010252	-44.7889095825	
35.362198662	-44.8376289519	
35.373969240	-44.8862536155	
35.3857195239	-44.934790338	
35.3974495137	-44.9832188253	
35.4091524447	-45.0315593715	
35.4208350816	-45.0797984472	
35.4324906597	-45.1279495818	
35.4441259437	-45.1759992459	
35.4557409336	-45.2239609689	
35.4673288647	-45.2718212214	
35.4788965017	-45.3195867681	
35.4904438446	-45.367257609	
35.501957364	-45.4148405088	
35.513457354	-45.4623219381	
35.5249370499	-45.5097086616	
35.5363829223	-45.5570006793	
35.5478152653	-45.6041979912	
35.5592205495	-45.651307362	
35.5706055396	-45.6983152623	
35.5819702356	-45.7452352215	
35.5933078728	-45.7920604749	
35.6046184512	-45.8387910225	
35.6159155002	-45.8854268643	
35.6271854904	-45.931974765	
35.6384351865	-45.9784279599	
35.6496578238	-46.0247796843	
35.660860167	-46.0710502323	
35.6720422161	-46.1172193098	
35.6831972064	-46.1633072109	
35.6943319026	-46.2092868768	
35.7054463047	-46.2551853663	
35.716533648	-46.30098915	
35.7276006972	-46.3467049926	
35.7386474523	-46.3923261294	
35.7496739133	-46.4378525604	
35.7606733155	-46.4832910503	
35.7716524236	-46.5286348344	
35.7826044729	-46.5738906774	
35.7935429928	-46.6190518146	
35.8044476892	-46.6641250107	
35.8153388562	-46.709103501	
35.8262029644	-46.7540008149	
35.8370467785	-46.7987966583	
35.8478702985	-46.8435045606	
35.8586667597	-46.8881312865	
35.8694496915	-46.9326565419	
35.8802055645	-46.9771006209	
35.8909411434	-47.0214432294	
35.9016496635	-47.0657046615	
35.9123378895	-47.1098781525	
35.9230058214	-47.1539569377	
35.9336534592	-47.1979477818	
35.9442740382	-47.2418506848	
35.9548743231	-47.2856656467	
35.9654543139	-47.3293859028	
35.9760140106	-47.3730249825	
35.9865466485	-47.4165761211	
35.997065757	-47.4600325539	
36.007551042	-47.5034010456	
36.0180227976	-47.5466815962	
36.0284742591	-47.5898742057	
36.0388986618	-47.6329856388	
36.0493027704	-47.6760023661	
36.0596865849	-47.7189311523	
36.0700501053	-47.7617787621	
36.0803865669	-47.8045316661	
36.0907027344	-47.847196629	
36.1009986078	-47.8897804155	
36.1112741871	-47.9322762609	
36.1215294723	-47.9746841652	
36.1317644634	-48.0170041284	
36.1419723957	-48.0592361505	
36.1521600339	-48.1013869962	
36.162327378	-48.1434499008	
36.172474428	-48.1854248643	
36.1826011839	-48.2273118867	
36.192700881	-48.2691177327	
36.2027870487	-48.3108356376	
36.2128461576	-48.3524656014	
36.2228849724	-48.3940143888	
36.2329034931	-48.4354752351	
36.2429017197	-48.476854905	
36.2528796522	-48.5181466338	
36.2628305259	-48.5593504215	
36.2727678702	-48.6004730328	
36.2826781557	-48.641507703	
36.2925681471	-48.6824611968	
36.3024378444	-48.7233267495	
36.3122872476	-48.7641111258	
36.3221163567	-48.8048143257	
36.3319251717	-48.8454295845	
36.3417136926	-48.8859636669	
36.3514751547	-48.9264098082	
36.3612230874	-48.9667747731	
36.3709439613	-49.0070585616	
36.3806513058	-49.047254409	
36.3903315915	-49.08736908	
36.3999915831	-49.1274025746	
36.4096312806	-49.1673481281	
36.419250684	-49.2072192699	
36.428856558	-49.2470024706	
36.4384353732	-49.2867044949	
36.4479938943	-49.3263185781	
36.4575321213	-49.3658582496	
36.4670500542	-49.4053167447	
36.476547693	-49.4446872987	
36.4860250377	-49.4839766763	
36.4954820883	-49.5231848775	
36.5049120801	-49.5623119023	
36.5143353072	-49.6013645154	
36.5237314755	-49.6403224227	
36.533100585	-49.6792059183	
36.5424629298	-49.7180150022	
36.5517982158	-49.756736145	
36.5611132077	-49.7953761114	
36.5704079055	-49.8339349014	
36.5796823092	-49.872412515	
36.5889364188	-49.9108157169	
36.598176999	-49.9491377424	
36.6073972851	-49.9873718268	
36.6165905124	-50.0255314995	
36.6257702103	-50.0636167605	
36.6349228494	-50.1016140804	
36.6440619591	-50.1395369886	
36.6531807747	-50.1773787204	
36.6622792962	-50.2151392758	
36.6713575236	-50.2528186548	
36.6804222216	-50.2904236221	
36.6894598608	-50.327947413	
36.6984772059	-50.3653900275	
36.7074810216	-50.4027582303	
36.7164645432	-50.4400520214	
36.7254277707	-50.4772578714	
36.7343707041	-50.5143893097	
36.7432933434	-50.5514463363	
36.7521956886	-50.5884154218	
36.7610777397	-50.6253168603	
36.7699462614	-50.6621371224	
36.778794489	-50.6988829728	
36.7876224225	-50.7355476468	
36.7964368266	-50.7721311444	
36.8052241719	-50.8086402303	
36.8139979878	-50.8450749045	
36.8227515096	-50.881435167	
36.8314847373	-50.9177142531	
36.8401976709	-50.9539189275	
36.8488970751	-50.9900424255	
36.8575761852	-51.0260915118	
36.8662350012	-51.0620661864	
36.8748735231	-51.0979664493	
36.8834917509	-51.1337855358	
36.8920964493	-51.1695302106	
36.9006808536	-51.2052004737	
36.9092517285	-51.2407963251	
36.9178023093	-51.2763110001	
36.9263258313	-51.3117580281	
36.9348358239	-51.3471238797	
36.9433322871	-51.3824153196	
36.9518084562	-51.4176391125	
36.9602643312	-51.452781729	
36.9672928545	-51.4881881688	
36.9723460854	-51.5238246084	
36.9756066708	-51.5596301655	
36.9770813754	-51.5954763108	
36.9767634345	-51.631234515	
36.9746866716	-51.6669115428	
36.970844322	-51.7023585708	
36.9652769739	-51.7374538344	
36.9579981567	-51.7722040983	
36.9490281645	-51.8064808332	
36.9384278796	-51.8401622745	
36.9262040667	-51.8732416575	
36.912397314	-51.9056378058	
36.8970887979	-51.9372086607	
36.8802852831	-51.9679474575	
36.8620205931	-51.9978068433	
36.8424164925	-52.0266379947	
36.821479746	-52.0544273823	
36.7992306477	-52.0811614767	
36.7758112563	-52.1066982192	
36.7512486306	-52.1310173157	
36.7255698294	-52.1541255309	
36.6988898526	-52.1759078649	
36.6712898766	-52.1963304942	
36.6427631367	-52.2154001835	
36.6134381622	-52.2330560505	
36.5834096589	-52.2492372129	
36.5526776268	-52.2639707295	
36.5213503011	-52.2772092474	
36.489535917	-52.2889189431	
36.4572480039	-52.2990998166	
36.4245136206	-52.3077653973	
36.3912718848	-52.3149021558	

